# ../athenaMLdata/data_ts0.001/TurbPar.out2.00010.athdf	sampling-1000000	50 points
0.0078125,-7.3307178861559e-06
0.008346984777638976,-8.2712935016545e-06
0.008918035824401507,-9.229877353161937e-06
0.009528154786907958,-1.1857715363998709e-05
0.010180014459559503,-1.3698815703850396e-05
0.010876470493451243,-1.4967722356198799e-05
0.011620573906339455,-1.6647201403068747e-05
0.012415584448466445,-2.1203017109780816e-05
0.01326498488279559,-2.1207283045910032e-05
0.014172496242215157,-2.5731138931763238e-05
0.015142094130549184,-2.945886900621737e-05
0.016178026138786626,-3.279461886555941e-05
0.017284830452825268,-3.72144701325323e-05
0.018467355734246786,-4.121596085349484e-05
0.019730782361216226,-4.5394612088126785e-05
0.021080645122557366,-5.049585706908161e-05
0.02252285746442184,-5.5670963026095366e-05
0.024063737395771057,-6.22448313213676e-05
0.025710035166157153,-6.765412886495411e-05
0.02746896283705299,-7.332115778918177e-05
0.029348225876276737,-7.981085645209368e-05
0.031356056913919,-8.674687131403935e-05
0.03350125180764969,-9.322955748293634e-05
0.03579320817539868,-9.915534834100941e-05
0.03824196656421319,-0.00010731427726764191
0.040858254435643664,-0.0001142296712899186
0.043653533160347854,-0.00012065073018663554
0.04664004822778647,-0.0001291885735049855
0.0498308828909672,-0.00013629094877989464
0.05324001548124335,-0.00014208714388916333
0.05688238064424981,-0.0001491479403124427
0.06077393476523763,-0.00015554350925006105
0.06493172587042081,-0.00016130721698308836
0.06937396831055737,-0.00016627772924430106
0.07412012255393673,-0.0001699163101677524
0.07919098043832896,-0.0001707074022250671
0.08460875625536483,-0.0001728446089930952
0.09039718406636753,-0.00017421562563453037
0.09658162167595497,-0.00017245813757208944
0.10318916171889697,-0.00017096529319748612
0.11024875034687481,-0.00016562038971063968
0.11779131403508271,-0.00015919432862027813
0.12584989506418265,-0.0001487508483669961
0.13445979627112897,-0.00014012429092415503
0.14365873570298257,-0.00012185341193767473
0.15348701185122,-0.0001098180300613914
0.16398768019039056,-8.708086367998778e-05
0.17520674179449827,-7.960076137266919e-05
0.18719334485739514,-5.605687629164183e-05
0.2,-3.540320273266436e-05
